CV_AUC_mean: 0.7652364616128746
CV_AUC_std: 0.0019783638291267134
CV_Custom_mean: -0.7831918587024175
CV_Custom_std: 0.005570395402117349
Best_CV_AUC: 0.7653968563149991
Best_CV_Custom: -0.7776639699843253
ROC_AUC: 0.7645594278047612
Score_Metier: 0.5190618697547329
Accuracy: 0.7420792401275128
Recall: 0.6400322841000807
Precision: 0.18392670764235186
F1_Score: 0.2857400234213134
Log_Loss: 0.24482444921613478
Best_Threshold: 0.08721212121212121
Execution_Time: 3034.213026046753
Prediction_Time_s: 0.20888996124267578
Confusion_Matrix_TP: 1586
Confusion_Matrix_FP: 7037
Confusion_Matrix_FN: 892
Confusion_Matrix_TN: 21227
